[gd_resource type="Skin" format=3 uid="uid://dpueybvoins38"]

[resource]
resource_name = "Skin"
bind_count = 50
bind/0/name = &"Root"
bind/0/bone = -1
bind/0/pose = Transform3D(1, 0, 0, 0, 1, -7.5497894e-08, 0, 7.5497894e-08, 1, 0, 0, 0)
bind/1/name = &"Hips"
bind/1/bone = -1
bind/1/pose = Transform3D(1, 0, 0, -1.8626451e-09, 1, -1.0430813e-07, -5.5879354e-09, 5.9604645e-08, 1.0000001, 4.656613e-10, -0.876276, -1.4901161e-08)
bind/2/name = &"Spine"
bind/2/bone = -1
bind/2/pose = Transform3D(1, 5.2386895e-10, -9.313226e-10, -9.895302e-10, 1, -1.4901161e-07, -6.519258e-09, 2.9802322e-08, 1.0000002, -9.895302e-10, -0.9790421, 0.015528813)
bind/3/name = &"Chest"
bind/3/bone = -1
bind/3/pose = Transform3D(1, 3.4924597e-10, -1.8626451e-09, -1.0477379e-09, 0.9999999, -1.0430813e-07, -6.0535967e-09, 2.9802322e-08, 1.0000004, 8.1490725e-10, -1.1603296, 0.006508395)
bind/4/name = &"UpperChest"
bind/4/bone = -1
bind/4/pose = Transform3D(0.99999994, -6.8394e-10, -8.1490725e-10, -4.278263e-09, 0.9999999, -1.3411045e-07, -6.4028427e-09, 3.7252903e-08, 1.0000002, 5.136826e-09, -1.3374459, 0.03266204)
bind/5/name = &"Neck"
bind/5/bone = -1
bind/5/pose = Transform3D(0.9999999, -3.7252903e-09, -3.7252903e-09, 4.1909516e-09, 0.9999999, -1.6391277e-07, -5.5879354e-09, 8.940697e-08, 1.0000004, 1.0244548e-08, -1.4490123, 0.02416259)
bind/6/name = &"Head"
bind/6/bone = -1
bind/6/pose = Transform3D(0.9999998, -3.725294e-09, 3.7252899e-09, 4.1909516e-09, 0.9999999, -1.6490486e-07, -9.313226e-09, 7.5497915e-08, 1.0000004, 1.05200435e-08, -1.5691124, 0.004839305)
bind/7/name = &"Eyes"
bind/7/bone = -1
bind/7/pose = Transform3D(0.9999998, 8.596687e-09, 2.2503706e-09, -3.9400723e-09, 1.0000002, 1.390907e-08, -4.1130157e-09, 3.079441e-08, 1, -8.2457445e-09, -1.6635886, -0.117882796)
bind/8/name = &"Eyebrows"
bind/8/bone = -1
bind/8/pose = Transform3D(0.9999998, 8.596685e-09, 2.2503701e-09, -3.940071e-09, 1.0000002, -5.7961454e-08, -4.1130153e-09, 1.0266496e-07, 1, -8.24574e-09, -1.6967819, -0.11788293)
bind/9/name = &"Jaw"
bind/9/bone = -1
bind/9/pose = Transform3D(-0.9999998, 3.725294e-09, -3.7252899e-09, -9.313227e-09, 7.5497915e-08, 1.0000004, 4.190952e-09, 0.9999999, -1.6490488e-07, 4.590839e-05, -0.016800733, -1.6315874)
bind/10/name = &"LeftUpperArm"
bind/10/bone = -1
bind/10/pose = Transform3D(5.9604645e-08, -2.0489097e-08, -1.0000002, 0.99999976, -4.8428774e-08, 0, 6.519258e-09, -0.99999976, 4.4703484e-08, 0.013538014, -0.07447148, 1.3921059)
bind/11/name = &"LeftShoulder"
bind/11/bone = -1
bind/11/pose = Transform3D(-6.239861e-08, 1.8768645e-08, 1.0000002, 0.9999998, -4.7089618e-08, -8.754432e-08, -1.0806532e-08, 0.9999999, -3.8069647e-08, 0.04842229, -0.19098917, -1.3903927)
bind/12/name = &"LeftLowerArm"
bind/12/bone = -1
bind/12/pose = Transform3D(1.5433177e-08, -0.99999976, 3.842741e-08, 0.9999999, -6.267729e-08, -9.685755e-08, -5.9604645e-08, 1.809866e-08, 1.0000002, 1.3609413, -0.5291553, 0.053211514)
bind/13/name = &"LeftHand"
bind/13/bone = -1
bind/13/pose = Transform3D(3.743495e-08, -1.8048766e-08, -1.0000004, 0.9999998, -6.2398634e-08, -9.685757e-08, 1.490116e-08, -0.9999997, 3.8437523e-08, -0.034173667, -0.7996319, 1.3609414)
bind/14/name = &"LeftThumbMetacarpal"
bind/14/bone = -1
bind/14/pose = Transform3D(-5.9604645e-08, 0.99999964, -8.940697e-08, 0.81699234, 3.7252903e-08, 0.5777019, 0.5777018, -7.4505806e-08, -0.81699294, -1.349234, -0.6882892, -0.47335917)
bind/15/name = &"LeftThumbProximal"
bind/15/bone = -1
bind/15/pose = Transform3D(-8.940697e-08, 0.99999994, -1.2293458e-07, 0.81699246, 1.4901161e-07, 0.577702, 0.5777019, 2.9802322e-08, -0.816993, -1.3495337, -0.751322, -0.48283052)
bind/16/name = &"LeftThumbDistal"
bind/16/bone = -1
bind/16/pose = Transform3D(-8.940697e-08, 0.9999999, -6.7055225e-08, 0.8169924, 1.1920929e-07, 0.5777019, 0.5777018, 2.9802322e-08, -0.8169928, -1.3180065, -0.7972124, -0.4934462)
bind/17/name = &"LeftIndexProximal"
bind/17/bone = -1
bind/17/pose = Transform3D(0, -2.0023435e-08, -1.0000002, 0.9999998, -6.0594175e-08, -1.4901161e-07, 1.5250407e-08, -0.99999964, 3.8649887e-08, -0.0074471086, -0.9035974, 1.3649281)
bind/18/name = &"LeftIndexIntermediate"
bind/18/bone = -1
bind/18/pose = Transform3D(-2.9802322e-08, -2.2817403e-08, -1.0000001, 0.9999996, -1.9615982e-08, -1.4901161e-07, 9.65083e-08, -0.99999964, 5.1688403e-08, -0.00079350173, -0.9439864, 1.3644491)
bind/19/name = &"LeftIndexDistal"
bind/19/bone = -1
bind/19/pose = Transform3D(-3.3527613e-08, -1.3038516e-08, -1.0000004, 0.99999976, -4.5984052e-08, -1.4156103e-07, 7.6019205e-08, -0.9999997, 5.401671e-08, 0.0044009015, -0.98071134, 1.3565985)
bind/20/name = &"IndexFinger_04"
bind/20/bone = -1
bind/20/pose = Transform3D(-0.26249033, -0.96298987, -0.061229184, 0.9624882, -0.2658127, 0.054401938, -0.06866398, -0.04465234, 0.99664015, 1.5624405, -0.6213164, 0.124255165)
bind/21/name = &"LeftLittleProximal"
bind/21/bone = -1
bind/21/pose = Transform3D(4.4703484e-08, -1.6996637e-08, -1.0000002, 0.9999998, -3.6568963e-08, -8.195639e-08, 3.6277925e-08, -0.99999976, 3.7718564e-08, -0.0670071, -0.8994573, 1.3597814)
bind/22/name = &"LeftLittleIntermediate"
bind/22/bone = -1
bind/22/pose = Transform3D(4.0978193e-08, -1.5832484e-08, -1.0000001, 0.99999964, -3.9806764e-08, -8.195639e-08, 2.8288923e-08, -0.99999964, 3.7485734e-08, -0.07001862, -0.9414953, 1.3543997)
bind/23/name = &"LeftLittleDistal"
bind/23/bone = -1
bind/23/pose = Transform3D(4.4703484e-08, -8.8475645e-09, -1.0000001, 0.9999999, -9.807991e-08, -1.0430813e-07, -1.5704427e-07, -0.9999998, 5.5413693e-08, -0.07113418, -0.9761062, 1.3484676)
bind/24/name = &"Finger_04"
bind/24/bone = -1
bind/24/pose = Transform3D(-0.3569986, -0.9339279, -0.01818371, 0.92224103, -0.3493051, -0.16570315, 0.14840318, -0.075925514, 0.9860081, 1.6065958, -0.47099853, 0.027762344)
bind/25/name = &"RightUpperArm"
bind/25/bone = -1
bind/25/pose = Transform3D(3.9339066e-06, 1.1031539e-06, 1.0000058, -0.99999416, 4.555682e-07, -3.7550926e-06, 9.663925e-07, -0.9999999, 1.5363469e-08, -0.013539292, -0.07447167, 1.3921096)
bind/26/name = &"RightShoulder"
bind/26/bone = -1
bind/26/pose = Transform3D(-3.97861e-06, -1.0269114e-06, -1.0000058, -0.9999941, 3.52999e-07, -3.8761646e-06, -9.793032e-07, 0.9999997, 4.960498e-09, -0.048421852, -0.19098859, -1.3903894)
bind/27/name = &"RightLowerArm"
bind/27/bone = -1
bind/27/pose = Transform3D(-9.735089e-07, 0.99999976, 4.2276156e-09, -0.99999434, 3.532739e-07, -3.8668513e-06, 3.9711595e-06, 1.0267597e-06, 1.000006, -1.36094, -0.5291538, 0.053212456)
bind/28/name = &"RightHand"
bind/28/bone = -1
bind/28/pose = Transform3D(3.9835777e-06, 1.0271202e-06, 1.000006, -0.9999943, 3.574113e-07, -3.8592743e-06, 9.804498e-07, -0.99999976, -4.3221746e-09, 0.034175612, -0.79962844, 1.3609406)
bind/29/name = &"RightThumbMetacarpal"
bind/29/bone = -1
bind/29/pose = Transform3D(1.0728836e-06, -0.9999997, 5.2154064e-08, -0.81698555, 9.983778e-07, 0.5777021, -0.5777017, -7.635681e-07, -0.8169995, 1.3492304, -0.6882849, -0.47335795)
bind/30/name = &"RightThumbProximal"
bind/30/bone = -1
bind/30/pose = Transform3D(9.23872e-07, -0.99999976, 7.4505806e-08, -0.8169857, 1.0430813e-06, 0.5777023, -0.57770187, -8.046627e-07, -0.81699973, 1.3376107, -0.7508706, -0.47661772)
bind/31/name = &"RightThumbDistal"
bind/31/bone = -1
bind/31/pose = Transform3D(9.23872e-07, -0.9999999, 7.4505806e-08, -0.8169856, 9.834766e-07, 0.5777023, -0.5777018, -8.1956387e-07, -0.81699973, 1.2980009, -0.7908187, -0.48347095)
bind/32/name = &"RightIndexProximal"
bind/32/bone = -1
bind/32/pose = Transform3D(4.0084124e-06, 1.0268197e-06, 1.000006, -0.99999434, 3.54879e-07, -3.8594007e-06, 9.8181e-07, -0.9999997, -3.7114916e-09, 0.0074493736, -0.9035936, 1.3649305)
bind/33/name = &"RightIndexIntermediate"
bind/33/bone = -1
bind/33/pose = Transform3D(4.0084124e-06, 1.0281801e-06, 1.000006, -0.9999943, 3.8347207e-07, -3.85195e-06, 1.0145304e-06, -0.9999997, -7.916242e-09, 0.0020745546, -0.94417363, 1.3645809)
bind/34/name = &"RightIndexDistal"
bind/34/bone = -1
bind/34/pose = Transform3D(4.000962e-06, 1.0263175e-06, 1.000006, -0.9999943, 3.9181032e-07, -3.848225e-06, 1.0039803e-06, -0.99999964, -4.656613e-09, -0.001204133, -0.98113817, 1.3568236)
bind/35/name = &"IndexFinger_04_1"
bind/35/bone = -1
bind/35/pose = Transform3D(0.33539864, -0.94207317, 0.0020295472, -0.9401316, -0.33457473, 0.064722665, -0.06031159, -0.02361735, -0.99789464, 1.6081332, -0.5062878, -0.027131172)
bind/36/name = &"RightRingProximal"
bind/36/bone = -1
bind/36/pose = Transform3D(3.97861e-06, 1.0246877e-06, 1.0000057, -0.9999942, 4.0813757e-07, -3.874302e-06, 9.49658e-07, -0.9999999, -5.820766e-09, 0.06700962, -0.8994529, 1.3597806)
bind/37/name = &"RightRingIntermediate"
bind/37/bone = -1
bind/37/pose = Transform3D(3.9697625e-06, 1.022825e-06, 1.0000058, -0.9999942, 4.225094e-07, -3.884081e-06, 9.852647e-07, -0.99999976, -9.546056e-09, 0.070021324, -0.9414908, 1.3543987)
bind/38/name = &"RightRingDistal"
bind/38/bone = -1
bind/38/pose = Transform3D(4.0233135e-06, 1.0468066e-06, 1.0000057, -0.9999943, 3.6787242e-07, -3.9041042e-06, 9.695068e-07, -0.99999976, -3.3527613e-08, 0.06977698, -0.9761791, 1.3488317)
bind/39/name = &"Finger_04_1"
bind/39/bone = -1
bind/39/pose = Transform3D(0.2837739, -0.95819557, 0.03650049, -0.92330235, -0.28332052, -0.25928622, 0.25877023, 0.039876975, -0.9651035, 1.5712209, -0.5672719, 0.1311367)
bind/40/name = &"RightUpperLeg"
bind/40/bone = -1
bind/40/pose = Transform3D(-1.0000001, -1.6863123e-07, 8.4377825e-07, -6.843038e-09, -1.0000001, 3.4400728e-07, -8.7171793e-07, -9.7206794e-08, 1.0000001, -0.09896694, 0.83155817, 0.020469123)
bind/41/name = &"RightLowerLeg"
bind/41/bone = -1
bind/41/pose = Transform3D(1, 1.5721889e-07, -8.419156e-07, -8.731149e-10, -1.0000001, 3.4458935e-07, 8.698553e-07, 9.313226e-08, -1.0000001, 0.11164153, 0.43245015, -0.020469053)
bind/42/name = &"RightFoot"
bind/42/bone = -1
bind/42/pose = Transform3D(-1.0000001, -1.5692785e-07, 8.4540807e-07, -8.7101944e-07, -2.0861626e-07, 1.0000002, 3.7252903e-09, 1, -2.3841858e-07, -0.11444344, 0.0368737, -0.055694055)
bind/43/name = &"Ball_R"
bind/43/bone = -1
bind/43/pose = Transform3D(-1, -1.5459955e-07, 8.455827e-07, -8.7183435e-07, -1.359731e-07, 1.0000002, 1.1175871e-08, 1, -2.8684735e-07, -0.11444353, -0.059512675, 0.0029799072)
bind/44/name = &"RightToes"
bind/44/bone = -1
bind/44/pose = Transform3D(1.0000002, 1.5832484e-07, -8.459756e-07, -8.729403e-07, -1.2945384e-07, 1.0000004, -1.3504177e-08, -1.0000004, 2.8591603e-07, 0.114443585, -0.13247028, -0.0029799333)
bind/45/name = &"LeftUpperLeg"
bind/45/bone = -1
bind/45/pose = Transform3D(-1.0000002, -8.754433e-08, 4.0605562e-07, -3.725574e-09, -1.0000001, -8.8414424e-08, -4.2721217e-07, 2.7098696e-07, 1.0000001, 0.09896722, 0.8315581, 0.02046898)
bind/46/name = &"LeftLowerLeg"
bind/46/bone = -1
bind/46/pose = Transform3D(1.0000002, 8.626375e-08, -4.1164458e-07, -5.7043508e-09, -1.0000001, -8.568168e-08, 4.246831e-07, -2.719462e-07, -1.0000001, -0.111642085, 0.4324501, -0.020469077)
bind/47/name = &"LeftFoot"
bind/47/bone = -1
bind/47/pose = Transform3D(-1.0000002, -8.940697e-08, 4.0978193e-07, -4.293397e-07, 3.2782555e-07, 1.0000002, 3.7252903e-09, 1.0000001, -2.9802322e-08, 0.11444308, 0.036873862, -0.055694163)
bind/48/name = &"Ball_L"
bind/48/bone = -1
bind/48/pose = Transform3D(-1.0000002, -8.565985e-08, 4.1468275e-07, -4.2956495e-07, 3.441237e-07, 1.0000001, 2.8230716e-09, 1, -1.5832484e-08, 0.11444304, -0.059512444, 0.0029796802)
bind/49/name = &"LeftToes"
bind/49/bone = -1
bind/49/pose = Transform3D(1.0000004, 8.568168e-08, -4.1420572e-07, -4.3259934e-07, 3.3900142e-07, 1.0000001, -7.450581e-09, -1, 1.4901161e-08, -0.11444297, -0.13246997, -0.0029796637)
